3 0.60915035625 0.636146353125 0.6148038031249999 0.6340086921875 0.63140325 0.5757760984375 0.6373586859375 0.41826015468750005 0.6163337109375 0.3331724015625 0.5688849406250001 0.24901380468749998 0.5111783109375 0.20619057500000001 0.48359920624999997 0.2021193078125 0.4455244453125 0.2147035609375 0.374807409375 0.27225396874999996 0.3374376171875 0.32927805781249997 0.3118503140625 0.431386515625 0.2945879796875 0.5931777796875 0.2941460546875 0.662216890625 0.3001519875 0.6822991484375 0.29208164375 0.7064955921875 0.2998163359375 0.71927863125 0.32428199375 0.73056855 0.324863859375 0.7478686109375 0.3370966875 0.7535135703125 0.3589160703125 0.7917821265625 0.41858083749999997 0.822386284375 0.4731571859375 0.8132287625 0.5437595328125 0.758138284375 0.5855127734375001 0.696436040625 0.60915035625 0.636146353125
3 0.1366775703125 0.7936509609375 0.19240922968750002 0.7894938609375 0.24455185 0.7431957203125 0.270041296875 0.7027465890625 0.305665496875 0.593822315625 0.3193556234375 0.44908941249999995 0.3098669265625 0.3548064875 0.29288974843750004 0.30202006406250004 0.259869740625 0.23596719843749997 0.236321596875 0.20499785781250002 0.1922324875 0.16790015625000002 0.1399583421875 0.157458825 0.10049889218750001 0.1699625125 0.031395925000000005 0.222673628125 0.019483915625 0.47816952968750004 0.027674410937499998 0.6791787015625 0.0342999671875 0.6964299671874999 0.0668528 0.74272284375 0.1041331515625 0.776957784375 0.1366775703125 0.7936509609375
3 0.938370871875 0.6923008015625001 0.96799755625 0.5928939718749999 0.9730607234375 0.543856553125 0.9695863765625001 0.499255584375 0.9417442265625 0.3817053703125 0.9178435984375 0.3285161109375 0.8761713828125 0.269359625 0.842815721875 0.24028624375000002 0.808771925 0.2259724265625 0.730885228125 0.22884045312499998 0.708853296875 0.2546911515625 0.6755228859375 0.3144168703125 0.6324017890625 0.43523794687499995 0.6236601421875 0.5333933562500001 0.62714290625 0.607594025 0.663522575 0.7207077875000001 0.6972307203125 0.7720010859374999 0.73058638125 0.8010744687500001 0.794863975 0.8220806156249999 0.8533650140625 0.81808465 0.8849750843749999 0.79525785 0.9028529437499999 0.7691654484375 0.938370871875 0.6923008015625001
3 0.19341235 0 0.1965906875 0.0744229015625 0.21958221249999998 0.17689128125 0.2567562921875 0.24318584687499997 0.29703540156249997 0.2726620671875 0.3628039578125 0.26168915312499996 0.45820761406250005 0.1809091078125 0.48658113125 0.138161184375 0.5114887140625 0.0804119921875 0.5204765734375 0.0365361265625 0.52218 0 0.19341235 0
3 0.51579593125 0 0.51472526875 0.1003331140625 0.5217802375 0.1574754234375 0.5314814828125 0.18763909375 0.5848130796875 0.26474017656250004 0.6061652921875 0.28324874375000003 0.6362843984375 0.292401003125 0.6739004015625001 0.289656459375 0.7426508828125 0.214725425 0.77713660625 0.160000128125 0.8034288796875 0.10233150312499999 0.8261321140625 0.0025218359375 0.78278984375 0 0.51579593125 0
3 1 0.012638201562500001 0.82197804375 0.0022801343750000003 0.8186520500000001 0.073618040625 0.828943575 0.150681471875 0.8431513734375 0.20330675937499998 0.9128782859375001 0.315894203125 0.935500496875 0.336943265625 0.9833911921875 0.352062753125 1 0.3521069515625 1 0.012638201562500001
3 1 0.7695547656249999 0.9461223953125 0.7642832453125 0.9051635656249999 0.7791662953125 0.8778222546875 0.7997748687499999 0.8183058421875 0.8851095843750001 0.7928248140624999 0.9551584171874999 0.7882887765625 0.9782487515625 0.998912465625 0.9721202281249999 1 0.9487941421875 1 0.7695547656249999
3 0.60848746875 0.7397050203125 0.5521823625 0.7561617578125001 0.518958221875 0.7838278484375001 0.49139594999999997 0.8389559796875 0.467414296875 0.9066254515625 0.45693547656250005 0.9824803765624999 0.5189163999999999 0.9860866875 0.7724534609375 0.9787095125 0.7540366656249999 0.8937031390625 0.7239007281250001 0.8253514765625001 0.66422754375 0.7651476203125 0.60848746875 0.7397050203125
3 0.4145498734375 0.8492843562499999 0.33882544531250003 0.7462143546875 0.2828559890625 0.7256916109375 0.2465099875 0.73097665 0.1749901265625 0.80574655 0.1522700578125 0.846356815625 0.1346299921875 0.8971290625 0.1273793078125 0.963305409375 0.4571648546875 0.977560521875 0.43740988124999997 0.8950132625 0.4145498734375 0.8492843562499999
3 0.0490727953125 0.7071559171875 0.0282145078125 0.6924336296875 0.039042256250000004 0.9581655874999999 0.13430275625000002 0.96370824375 0.1317459234375 0.8994278546875 0.09317032187499999 0.77385331875 0.0490727953125 0.7071559171875
3 0.0417776609375 0 0.031281237499999996 0.2251335578125 0.107422340625 0.170365346875 0.1456033765625 0.1257214640625 0.1723544078125 0.058213128125 0.18555280624999998 0 0.0417776609375 0