3 0.609810153125 0.599837928125 0.614935196875 0.596301609375 0.620072321875 0.5355429609375 0.5958538640625 0.3812771703125 0.5590467015625 0.304221415625 0.4965568359375 0.2349077296875 0.431912896875 0.208327671875 0.4041456859375 0.21152055625 0.3692838953125 0.2335796109375 0.31105385937499996 0.30768799375 0.2853590765625 0.37265239375000003 0.2797953828125 0.47827906875000004 0.29376375625 0.63961749375 0.306500753125 0.706670678125 0.3162093 0.724587034375 0.3129267390625 0.7501367906249999 0.3229347984375 0.760528409375 0.3490319859375 0.7651406453125 0.352901490625 0.7817637484375 0.365950084375 0.7840698671874999 0.39460375000000003 0.815525109375 0.45883320625 0.8297508640625001 0.510498121875 0.80674199375 0.5690851578125 0.73504839375 0.598177475 0.6644132765624999 0.609810153125 0.599837928125
3 0 0.5818018734375 0.025845603124999998 0.7566245328125001 0.058725775 0.8071176640625 0.0994145234375 0.8435741906249999 0.142429809375 0.8671156484375 0.17746405781250002 0.8748751515625001 0.2312134828125 0.8564154640625 0.273411878125 0.7980259843749999 0.2906415703125 0.752208140625 0.3047278390625 0.637374428125 0.290517440625 0.49350025625000005 0.2632463671875 0.40454229843749995 0.236562234375 0.357757203125 0.1916469828125 0.3022627890625 0.1626938 0.27833228125 0.112468965625 0.2537779578125 0.059318565625 0.2571881734375 0.0230862640625 0.2795276125 0 0.30719512187500003 0 0.5818018734375
3 0.9427171640625 0.5690480625000001 0.9527493874999999 0.46499501875 0.9483504234375 0.4161385734375 0.936442396875 0.37379399687500003 0.8867711828125 0.26702835 0.8532344984375 0.22164517031250003 0.80116718125 0.1750774078125 0.762977425 0.15552436875 0.7269296640625 0.1504600328125 0.6512520703125 0.173405853125 0.6346214031249999 0.204174225 0.6133951515625 0.270712259375 0.594241325 0.399021809375 0.6044097609375 0.49645431875 0.6219722890625 0.5674959187499999 0.6791525703125 0.6677496984375 0.7219258281250001 0.7087554093749999 0.760115584375 0.7283084484375 0.8270285734374999 0.7320339171875 0.8835190203125001 0.7130134640625 0.9101002593749999 0.6826971921875 0.9226193953124999 0.6527699671875 0.9427171640625 0.5690480625000001
3 0.3557769734375 0 0.07360145625 0.05772835625 0.09890299531249999 0.1620161671875 0.140950171875 0.2554146421875 0.18997695781249999 0.31006790624999997 0.235019265625 0.3282190296875 0.2972912671875 0.3005523078125 0.37524999062500003 0.1975295671875 0.3948637078125 0.148736171875 0.4082238953125 0.0862952234375 0.4086504625 0.0414271953125 0.4025259078125 0 0.3557769734375 0
3 0.39576244374999997 0 0.4151914203125 0.10477234531249999 0.43299597500000003 0.15834969375000002 0.44824405 0.185084034375 0.5151449593749999 0.24603183281250002 0.539572121875 0.2584491890625 0.5707943515625 0.2595251046875 0.6070841390624999 0.2471251875 0.6600741609375 0.1566740828125 0.683384921875 0.09468523281249999 0.6981156203125 0.0319639015625 0.6991057171875 0 0.39576244374999997 0
3 0.7075097312499999 0 0.7075367359375 0.0001826609375 0.7323088171875 0.0722371296875 0.756251925 0.11958299218749999 0.845967459375 0.2106927859375 0.87212213125 0.22524453906250003 0.9218749984375 0.2275050421875 0.9653743374999999 0.21611798906250002 0.933423675 0 0.7075097312499999 0
3 0.8619932531250001 0.78707623125 0.8504180625 0.8615911015625001 0.85034849375 0.9088739125 0.9892129093750001 0.88046459375 0.992101528125 0.632217321875 0.964034225 0.63683373125 0.9267884125 0.6618683359374999 0.9039617046874999 0.688928675 0.8619932531250001 0.78707623125
3 0.7582035328125001 0.7535778203125 0.6883195765625 0.7106550421875 0.6289156515625 0.7004177046875 0.5769512234375 0.730951309375 0.5497134703125 0.766377534375 0.5332552609375 0.8269644671874999 0.52269358125 0.89878416875 0.5269009765625 0.9749172343750001 0.527714796875 0.9748793296875 0.8407549203125001 0.9108365968750001 0.8389699234375 0.898762678125 0.8007347656249999 0.8120477875000001 0.7582035328125001 0.7535778203125
3 0.366249596875 0.77654513125 0.30755966875 0.7711373609375001 0.27299739375 0.78567168125 0.21726635 0.8766835531250001 0.202777678125 0.9219406296875 0.19519904375 0.9757353109375 0.1964188921875 0.9903096859374999 0.4988686859375 0.9762228593750001 0.5261940046875 0.97021481875 0.49111435156249994 0.8952934656249999 0.4600191765625 0.85687425625 0.366249596875 0.77654513125
3 0.0497887125 0.803970396875 0.044905696875 0.7900424593750001 0.0333425859375 0.807334996875 0.0613236046875 0.99660185 0.1956012625 0.9903477671875001 0.192815021875 0.9787108609375 0.1311087234375 0.86694393125 0.0752293859375 0.8136925843749999 0.0497887125 0.803970396875
3 0 0.3121514515625 0.0299388171875 0.27812569374999996 0.0587891078125 0.22495483125 0.07209180937500001 0.1525743640625 0.0749719671875 0.057447971875 0 0.0727859734375 0 0.3121514515625