3 0.6005452546875001 0.6297109171875 0.6061000328125 0.6271824984375 0.6202950796875 0.5678869609375 0.6198271125 0.41021157500000005 0.5953823296875 0.3267281578125 0.5446060921875 0.2460149953125 0.48527556875 0.20728536874999998 0.45758766093750003 0.20514388437500003 0.4201036578125 0.22036276093749999 0.3518749171875 0.2827509921875 0.31690319218749996 0.3422883609375 0.2955246375 0.44601524374999996 0.2848830515625 0.6087474687500001 0.287252025 0.6777052593749999 0.2940629421875 0.6973360890625 0.2869940796875 0.722055996875 0.2952330984375 0.7342789109375001 0.320107790625 0.7438444328125 0.32139259062500003 0.76107581875 0.3338299359375 0.7658585796875 0.35716188125000004 0.8025434515625 0.41794917031249995 0.8289373046874999 0.4720401859375 0.815988890625 0.5402545953125 0.7560645921875 0.5794103171875 0.6915509953125001 0.6005452546875001 0.6297109171875
3 0.135458 0.8199065734375001 0.1909054671875 0.8118698984374999 0.2410561 0.7620109046875 0.26484661875 0.7198500203125 0.2959639453125 0.608618490625 0.303734996875 0.4631660203125 0.2904284328125 0.369697909375 0.271337803125 0.31818109375 0.23569748437500002 0.25453809375 0.21093743437499998 0.225261134375 0.16542936875 0.19129814843749998 0.1128381078125 0.18451900000000002 0.0739689921875 0.1997539984375 0.007154025 0.257198246875 0.005767253125 0.4956365671875 0.0079231625 0.6809149796875 0.0293346109375 0.7299825765625 0.063704459375 0.7739302578125 0.1023012984375 0.8055099265625 0.135458 0.8199065734375001
3 0.9313720375000001 0.6628166703125 0.9568915953125 0.56150535 0.959948425 0.512194509375 0.9546659265624999 0.46790826093750004 0.9220967671875 0.3524904921875 0.8960805796875 0.30105428437500004 0.8520865984375 0.24489980781249998 0.8176164343749999 0.2181996328125 0.7830602890625 0.20628303906249998 0.705451034375 0.21457766875 0.684516721875 0.241922728125 0.6536860015625 0.3038756609375 0.6155714640625 0.42750744999999996 0.6108429125 0.5261130109375001 0.6173385625 0.59995029375 0.6582470515625001 0.710343471875 0.693973353125 0.759202890625 0.728443515625 0.7859030671875 0.7934434625 0.8023928343750001 0.8516611515625 0.7943239140625 0.8822769171875 0.7693299312499999 0.89905589375 0.7420332359375 0.9313720375000001 0.6628166703125
3 0.1577985609375 0 0.16597392187499999 0.0976688140625 0.1930886125 0.19836749375 0.23288426874999998 0.2619621265625 0.274279990625 0.288581690625 0.33946623125 0.27304037187499997 0.43138517656250003 0.185738765625 0.45796025 0.1410817078125 0.4804659671875 0.08168943906250001 0.4876494734375 0.037258090625000004 0.48786616875 0 0.1577985609375 0
3 0.48145810000000006 0 0.48450666093750006 0.1013525109375 0.4938728453125 0.1579100421875 0.5047817765625 0.187348221875 0.5611414515625001 0.2606051078125 0.58320293125 0.2775946640625 0.6136324 0.2846317640625 0.65105908125 0.2792686078125 0.7166179109375 0.19966511250000002 0.74880508125 0.14262391562500001 0.7726959109375 0.083215525 0.78798089375 0 0.48145810000000006 0
3 0.7870300796875 0 0.7867189953125 0.0534871453125 0.8001258734375 0.1297077484375 0.816446278125 0.1812568078125 0.8906117828125 0.288799125 0.9140440421875 0.3082364875 0.96245130625 0.3199918609375 1 0.31746830937500004 1 0 0.7870300796875 0
3 1 0.7357586546875 0.9420373515625 0.734141659375 0.9017687953125 0.7518567109375 0.8753226953125001 0.7743384 0.819402328125 0.863684759375 0.7968249593750001 0.9353966781249999 0.7903870828125 0.977340659375 1 0.9712415468750001 1 0.7357586546875
3 0.6607593281249999 0.7546619640625 0.604098715625 0.733147603125 0.5485795984374999 0.7535039265625 0.516550059375 0.7834418953125 0.49128845 0.8404024796874999 0.47011052031249995 0.909634346875 0.4627407203125 0.98609678125 0.50727265 0.9855784484375001 0.7799590281250001 0.977644084375 0.780002990625 0.9700851609375001 0.7556155312499999 0.8767460281250001 0.722759765625 0.8106068515624999 0.6607593281249999 0.7546619640625
3 0.41502131249999996 0.8560727765625 0.3352580390625 0.75845066875 0.2785687640625 0.7418641671875 0.24251286562500002 0.7496751328125 0.1741838109375 0.8293108734375 0.15316351718750001 0.8714395109374999 0.13762635 0.9233593828125001 0.1330840953125 0.989933853125 0.46276938124999994 0.9811689234375001 0.43969538124999996 0.900133315625 0.41502131249999996 0.8560727765625
3 0.044513518749999995 0.7396609515625 0.0210525984375 0.7251514484375 0.0183683578125 0.7104001140625 0.0083907484375 0.7210991390625 0.0115353859375 0.99134863125 0.14000965468749998 0.9898532421875 0.1348417953125 0.9258555546875 0.0912347328125 0.803174971875 0.044513518749999995 0.7396609515625
3 0.0086499046875 0 0.0071396953124999996 0.2596621765625 0.0808945515625 0.1996733890625 0.11717973749999999 0.152439546875 0.1411278890625 0.083175434375 0.156345734375 0 0.0086499046875 0