0 0.516406 0.182031 0.123438 0.173437
0 0.324219 0.221094 0.110937 0.176563
0 0.241406 0.303906 0.082812 0.107813
0 0.224219 0.184375 0.107813 0.146875
0 0.040625 0.257031 0.050000 0.085938
0 0.632031 0.400781 0.117188 0.092188
0 0.539844 0.421875 0.076563 0.109375
0 0.605469 0.449219 0.082812 0.073438
0 0.396094 0.645312 0.048438 0.109375
0 0.334375 0.646875 0.100000 0.128125
0 0.387500 0.531250 0.037500 0.050000
0 0.486719 0.822656 0.132812 0.220312
0 0.599219 0.838281 0.123438 0.235937
0 0.695312 0.800000 0.109375 0.178125
