1 0.131251 0.817969 0.200001 0.251563
1 0.313281 0.686719 0.229687 0.264062
1 0.477344 0.813281 0.139063 0.145313
1 0.144531 0.564844 0.207813 0.201563
1 0.487501 0.553125 0.128125 0.125000
1 0.207813 0.337501 0.215625 0.228125
1 0.128906 0.121094 0.182812 0.214062
1 0.384375 0.198437 0.175001 0.190625
1 0.271875 0.050001 0.193751 0.096875
1 0.369531 0.490625 0.098437 0.093750
1 0.352344 0.406251 0.104688 0.093750
1 0.356251 0.317188 0.103125 0.109375
1 0.471875 0.397656 0.078125 0.085938
1 0.503125 0.677344 0.109375 0.117188
1 0.052344 0.289844 0.101562 0.254688
1 0.482812 0.079687 0.200001 0.156250
1 0.515625 0.263281 0.109375 0.095312
1 0.535937 0.351562 0.090625 0.081250
