2 0.360938 0.115625 0.109375 0.150000
2 0.359375 0.292187 0.134375 0.115625
2 0.548438 0.413281 0.140625 0.098437
2 0.469531 0.485938 0.095312 0.134375
2 0.551562 0.507031 0.062502 0.076563
2 0.562502 0.584375 0.090625 0.093750
2 0.452344 0.646875 0.139063 0.143750
2 0.337502 0.522656 0.146875 0.120313
2 0.104688 0.570312 0.146875 0.143750
2 0.182031 0.640625 0.079687 0.084375
2 0.170313 0.700002 0.090625 0.112500
2 0.085156 0.682031 0.095312 0.135937
2 0.282031 0.867188 0.092188 0.096875
2 0.359375 0.816406 0.100002 0.142187
2 0.433594 0.807031 0.076563 0.104688
2 0.539844 0.685937 0.076563 0.084375
2 0.421875 0.964063 0.106252 0.062500
2 0.386719 0.895312 0.070312 0.075000
