2 0.376563 0.298438 0.231252 0.206250
2 0.552344 0.332813 0.226562 0.200000
2 0.564844 0.505469 0.223438 0.182812
2 0.507812 0.683594 0.068752 0.107813
2 0.553125 0.825781 0.096875 0.123438
2 0.508594 0.945312 0.239063 0.109375
2 0.110156 0.768752 0.217188 0.193750
2 0.138281 0.927344 0.167187 0.142187
2 0.703906 0.446875 0.026562 0.084375
2 0.694531 0.625781 0.035937 0.032813
2 0.696875 0.715625 0.040625 0.037500
2 0.369531 0.590625 0.201563 0.118750
2 0.378125 0.775781 0.175002 0.148438
2 0.373437 0.605469 0.200002 0.126562
2 0.366406 0.462502 0.179688 0.168750
