2 0.360938 0.079687 0.196875 0.146875
2 0.721875 0.098437 0.206252 0.181250
2 0.983594 0.218752 0.032813 0.028125
2 0.975781 0.279687 0.048438 0.050000
2 0.709375 0.342969 0.143752 0.164062
2 0.832031 0.286719 0.051562 0.110937
2 0.605469 0.233594 0.020313 0.017188
2 0.604688 0.276562 0.028125 0.025000
2 0.605469 0.340625 0.039062 0.090625
2 0.551562 0.359375 0.043752 0.100000
2 0.531252 0.467187 0.162502 0.118750
2 0.428125 0.394531 0.162502 0.148438
2 0.271094 0.436719 0.104688 0.098437
2 0.067969 0.345313 0.132812 0.171875
2 0.238281 0.205469 0.179688 0.185938
2 0.935937 0.259375 0.025002 0.031250
2 0.323437 0.303125 0.043752 0.078125
2 0.228906 0.293752 0.023438 0.015625
